# name: debug
# type: sparse matrix
# nnz: 36
# rows: 6
# columns: 6

1 1 0.004195866
2 1 -0.000316776
3 1 0.000811436
4 1 -0.000048628
5 1 -0.000426348
6 1 -0.000180378
1 2 -0.000685947
2 2 0.004657743
3 2 0.001495659
4 2 0.000541499
5 2 0.000021405
6 2 0.000149584
1 3 0.000796182
2 3 0.001724462
3 3 0.000863377
4 3 0.000200439
5 3 -0.000101619
6 3 0.000012282
1 4 -0.000036642
2 4 0.000518049
3 4 0.000177857
4 4 0.000126632
5 4 -0.000001825
6 4 0.000015178
1 5 -0.000426176
2 5 -0.000012611
3 5 -0.000099997
4 5 -0.000000305
5 5 0.000110142
6 5 0.000017419
1 6 -0.000177086
2 6 0.000128746
3 6 0.000006572
4 6 0.000015618
5 6 0.000017027
6 6 0.000076425
